4294967278,460
4294967278,457
4294967279,498
4294967279,349
4294967278,525
4294967278,455
4294967278,273
4294967294,416
4294967278,452
4294967278,451
4294967278,294
4294967278,298
4294967278,462
4394,5
4394,4
4394,3
4394,2
4394,1
4394,0
4294967279,344
4294967279,471
4294967279,497
4294967278,518
4294967279,496
4294967279,327
4393,5
4393,4
4393,3
4393,2
4393,1
4393,0
4294967279,495
4294967278,303
4392,5
4392,4
4392,3
4392,2
4392,1
4392,0
4294967278,313
4294967278,292
4294967279,337
4294967279,297
4294967279,340
4294967278,218
4391,5
4391,4
4391,3
4391,2
4391,1
4391,0
4390,4
4390,3
4390,2
4390,1
4390,0
4294967278,291
4389,5
4389,4
4389,3
4389,2
4389,1
4389,0
4294967278,287
4294967278,285
4388,5
4388,4
4388,3
4388,2
4388,1
4388,0
4294967278,526
4294967279,330
4294967279,494
4294967278,572
4294967278,181
4387,5
4387,4
4387,3
4387,2
4387,1
4387,0
4386,5
4386,4
4386,3
4386,2
4386,1
4386,0
4294967278,571
4385,5
4385,4
4294967278,164
4385,3
4385,2
4385,1
4385,0
4294967279,493
4384,5
4384,4
4384,3
4384,2
4384,1
4384,0
4294967278,523
4294967279,143
4294967294,463
4294967278,516
4294967279,289
4294967278,488
4294967278,521
4383,5
4383,4
4383,3
4383,2
4383,1
4383,0
4294967279,270
4382,4
4382,3
4382,2
4382,1
4382,0
4294967278,570
4294967278,225
4294967279,263
4294967279,284
4294967278,569
4294967279,275
4294967278,256
4294967278,255
4381,5
4381,4
4381,3
4381,2
4381,1
4381,0
4294967279,255
4380,4
4380,3
4380,2
4380,1
4380,0
4294967279,2
4294967278,568
4379,5
4379,4
4379,3
4379,2
4379,1
4379,0
4294967278,311
4378,4
4378,3
4378,2
4378,1
4378,0
4294967279,487
4294967278,306
4294967278,227
4377,5
4377,4
4377,3
4377,2
4377,1
4377,0
4294967279,214
4376,4
4376,3
4376,2
4376,1
4376,0
4294967279,353
4294967279,463
4294967278,202
4294967279,200
4294967278,201
4375,5
4375,4
4375,3
4375,2
4375,1
4375,0
4294967278,550
4294967279,277
4294967278,491
4294967278,282
4374,5
4294967278,192
4374,4
4294967279,190
4374,3
4374,2
4374,1
4374,0
4294967278,191
4294967278,279
4294967279,325
4373,5
4373,4
4373,3
4373,2
4373,1
4373,0
4294967279,181
4294967279,180
4294967278,178
4294967279,175
4372,5
4372,4
4372,3
4372,2
4372,1
4372,0
4294967279,166
4294967279,380
4294967278,167
4294967279,165
4294967279,505
4371,5
4371,4
4371,3
4371,2
4371,1
4371,0
4294967279,492
4294967279,153
4294967279,152
4294967279,151
4370,5
4294967278,150
4370,4
4370,3
4370,2
4370,1
4370,0
4294967279,459
4369,4
4369,3
4369,2
4369,1
4369,0
4368,5
4368,4
4368,3
4368,2
4368,1
4368,0
4294967294,962
4367,4
4367,3
4367,2
4367,1
4367,0
4294967279,269
4294967279,312
4294967278,259
4294967279,256
4366,5
4366,4
4366,3
4366,2
4366,1
4366,0
4294967279,335
4294967278,450
4294967279,491
4365,5
4365,4
4365,3
4365,2
4365,1
4365,0
4294967279,490
4294967278,528
4364,5
4364,4
4364,3
4364,2
4364,1
4364,0
4294967279,239
4294967279,332
4294967278,495
4363,5
4363,4
4363,3
4363,2
4363,1
4363,0
4294967278,567
4294967279,451
4362,5
4362,4
4362,3
4362,2
4362,1
4362,0
4294967279,489
4361,5
4361,4
4361,3
4361,2
4361,1
4361,0
4294967279,488
4294967278,542
4294967278,189
4360,6
4360,5
4360,4
4360,3
4360,2
4360,1
4360,0
4294967279,182
4359,5
4359,4
4294967278,173
4359,3
4359,2
4359,1
4359,0
4358,4
4358,3
4358,2
4358,1
4358,0
4294967279,167
4294967278,168
4294967279,164
4294967278,165
4294967278,566
4294967279,484
4294967278,564
4294967279,159
4357,6
4357,5
4357,4
4357,3
4357,2
4357,1
4357,0
4294967279,331
4294967278,538
4294967279,295
4294967279,150
4356,5
4356,4
4356,3
4356,2
4356,1
4356,0
4294967279,144
4350,5
4294967279,310
4294967279,483
4294967278,575
4294967279,281
4294967278,563
4355,6
4355,5
4355,4
4355,3
4355,2
4355,1
4355,0
4294967278,574
4294967278,274
4294967278,562
4294967278,267
4354,5
4354,4
4354,3
4354,2
4354,1
4354,0
4294967278,305
4294967279,369
4294967279,482
4349,5
4294967278,254
4294967278,253
4294967294,464
4294967279,304
4353,6
4353,5
4353,4
4353,3
4353,2
4353,1
4353,0
4294967278,448
4294967279,322
4294967279,376
4294967279,363
4294967278,312
4294967279,318
4352,5
4352,4
4352,3
4352,2
4352,1
4352,0
4294967278,240
4294967278,278
4347,5
4294967278,234
4294967278,307
4294967294,1408
4294967278,232
4294967279,231
4294967279,456
4294967278,231
4294967279,230
4294967279,228
4294967278,228
4351,5
4351,4
4351,3
4351,2
4351,1
4351,0
4294967279,481
4294967278,561
4345,5
4294967278,214
4294967279,212
4294967278,212
4350,4
4350,3
4350,2
4350,1
4350,0
4349,4
4349,3
4349,2
4349,1
4349,0
4294967278,283
4294967279,205
4348,5
4348,4
4348,3
4348,2
4348,1
4348,0
4347,4
4294967279,199
4347,3
4347,2
4347,1
4347,0
4346,5
4346,4
4346,3
4346,2
4346,1
4346,0
4294967278,196
4345,4
4345,3
4345,2
4345,1
4345,0
4294967279,188
4344,5
4294967279,187
4294967279,186
4344,4
4344,3
4344,2
4344,1
4344,0
4294967278,185
4343,4
4294967278,184
4343,3
4343,2
4343,1
4343,0
4294967278,183
2,4
4294967294,67
4294967279,308
4294967294,16
4294967279,240
4294967279,479
4294967279,298
4294967279,478
4294967278,540
4294967278,458
4294967279,296
4294967279,293
4294967278,557
4294967279,291
4294967279,341
4294967294,60
4294967294,31
4294967278,466
4294967279,360
4294967279,477
4294967279,469
4294967279,460
4294967278,145
4342,5
4342,4
4342,3
4342,2
4342,1
4342,0
4294967278,560
4294967279,476
4341,5
4341,4
4294967278,271
4341,3
4341,2
4341,1
4341,0
4294967278,515
4294967279,474
4294967294,458
4294967278,265
4340,5
4340,4
4340,3
4340,2
4340,1
4340,0
4294967279,317
4294967278,529
4294967278,493
4294967278,221
4294967278,252
4294967278,318
4294967294,12
4294967294,468
4294967294,467
4294967294,963
4294967294,906
4294967294,902
4294967294,901
4294967294,899
4294967294,827
4294967294,455
4294967294,453
4294967294,452
4294967294,451
4294967294,450
4294967294,449
4294967294,412
4294967294,409
4294967294,407
4294967294,414
4294967294,406
4294967294,404
4294967294,402
4294967294,400
4294967294,399
4294967294,397
4294967294,389
4294967294,190
4294967294,187
4294967294,388
4294967294,175
4294967294,166
4294967294,115
4294967294,114
4294967294,112
4294967294,109
4294967294,159
4294967294,108
4294967294,107
4294967294,105
4294967294,104
4294967294,157
4294967279,252
4294967278,262
4294967279,320
4294967278,559
4294967278,468
4294967279,311
4339,5
4339,4
4339,3
4339,2
4339,1
4339,0
4294967278,565
4338,4
4338,3
4338,2
4338,1
4338,0
4294967278,239
4294967279,226
4294967278,226
4294967279,224
4337,5
4294967278,224
4337,4
4294967279,222
4337,3
4337,2
4337,1
4337,0
4294967279,210
4294967278,210
4294967279,208
4294967278,532
4294967279,207
4336,5
4294967278,208
4336,4
4336,3
4336,2
4336,1
4336,0
4294967278,558
4294967279,470
4294967279,502
4294967279,201
4294967279,195
4335,5
4335,4
4335,3
4335,2
4335,1
4335,0
4294967279,453
4334,5
4334,4
4334,3
4334,2
4334,1
4334,0
4294967279,191
4333,5
4333,4
4294967279,185
4333,3
4333,2
4333,1
4333,0
4294967294,474
4294967278,182
4294967294,158
4294967294,900
4294967279,462
4332,5
4294967279,170
4332,4
4332,3
4332,2
4332,1
4332,0
4294967279,168
4294967278,169
4294967279,464
4294967278,166
4294967278,537
4294967279,305
4294967279,259
4294967279,367
4294967278,159
4294967278,555
4294967279,155
4294967278,153
4331,5
4294967278,152
4331,4
4331,3
4331,2
4331,1
4331,0
4294967279,358
4294967278,151
4294967279,149
4294967279,148
4294967278,148
4330,4
4294967279,147
4330,3
4330,2
4330,1
4330,0
4294967278,147
4294967279,354
4294967278,144
4294967279,223
4294967279,142
4294967279,307
4294967278,139
4294967279,136
4329,5
4294967278,138
4329,4
4294967279,273
4329,3
4329,2
4329,1
4329,0
4294967278,272
4294967278,135
4328,4
4328,3
4328,2
4328,1
4328,0
4294967279,306
4294967279,137
4294967278,243
4294967279,475
4294967278,473
4294967279,266
4294967279,265
4294967278,264
4294967279,264
4327,5
4294967278,263
4327,4
4327,3
4327,2
4327,1
4327,0
4294967278,275
4326,4
4326,3
4326,2
4326,1
4326,0
4294967294,391
4294967294,413
4294967294,398
4294967294,129
4294967294,188
4294967294,903
4294967294,405
4294967294,164
4294967294,130
4294967294,186
4294967294,448
4294967279,326
4294967294,437
4294967294,169
4294967278,465
4294967278,553
4294967279,343
4294967294,1413
4294967294,1
4294967278,270
4294967279,480
4325,5
4294967278,314
4325,4
4294967279,254
4325,3
4325,2
4325,1
4325,0
4294967278,548
4294967279,362
4324,4
4294967279,316
4324,3
4324,2
4324,1
4324,0
4294967279,211
4294967279,236
4294967278,236
4294967279,234
4294967279,232
4323,5
4323,4
4323,3
4323,2
4323,1
4323,0
4294967278,552
4294967279,292
4294967279,288
4294967278,222
4294967279,220
4294967278,220
4294967279,218
4322,5
4294967279,216
4322,4
4294967278,216
4322,3
4322,2
4322,1
4322,0
4294967278,520
4294967278,479
4294967294,191
4294967294,111
4294967279,486
4294967278,258
4294967279,235
4294967279,206
4294967278,207
4294967278,206
4294967279,202
4294967279,204
4321,5
4294967278,205
4321,4
4294967279,203
4321,3
4321,2
4321,1
4321,0
4294967278,204
4294967278,203
4294967278,200
4294967279,198
4294967278,199
4294967278,539
4294967279,368
4294967279,197
4294967278,198
4294967279,196
4294967278,197
4294967279,194
4294967278,193
4294967278,195
4320,5
4294967279,193
4320,4
4294967278,194
4320,3
4320,2
4320,1
4320,0
4294967279,192
4294967279,472
4294967278,489
4294967279,189
4294967278,190
4294967279,300
4294967278,188
4294967278,187
4294967278,186
4294967279,184
4319,5
4294967279,183
4319,4
4319,3
4319,2
4319,1
4319,0
4294967278,505
4294967279,179
4294967278,180
4294967278,549
4294967278,174
4294967279,178
4294967278,179
4294967279,177
4294967279,336
4294967279,176
4294967278,177
4294967278,176
4294967279,173
4294967278,172
4294967278,175
4318,5
4294967279,172
4318,4
4318,3
4318,2
4318,1
4318,0
4294967279,171
4294967278,171
4294967279,169
4294967278,170
4317,4
4317,3
4317,2
4317,1
4317,0
4294967278,304
4294967294,396
4294967278,163
4294967279,161
4294967279,225
4294967278,162
4294967279,160
4294967278,161
4294967278,160
4294967279,158
4294967278,157
4316,5
4294967279,157
4316,4
4294967278,158
4316,3
4316,2
4316,1
4316,0
4294967279,156
4294967278,156
4294967279,154
4294967278,155
4315,4
4315,3
4315,2
4315,1
4315,0
4294967278,449
4294967294,182
4294967294,964
4294967278,547
4294967294,471
4294967278,149
4294967278,546
4294967294,15
4294967294,415
4294967279,146
4294967278,146
4294967279,145
4294967294,473
4294967278,143
4294967278,142
4294967279,141
4294967278,141
4314,5
4294967279,140
4314,4
4294967278,140
4314,3
4314,2
4314,1
4314,0
4294967279,139
4294967279,138
4294967279,242
4294967278,136
4294967279,135
4294967279,134
4294967278,134
4294967279,133
4294967278,133
4294967279,272
4294967279,271
4294967278,281
4294967279,268
4313,5
4294967278,269
4313,4
4313,3
4313,2
4313,1
4313,0
4294967278,268
4294967279,267
4294967278,266
4294967294,1150
4294967294,395
4294967294,385
4294967294,419
4294967278,556
4294967279,261
4294967278,277
4294967278,261
4312,5
4312,4
4312,3
4312,2
4312,1
4312,0
4294967294,403
4294967294,390
4294967294,1409
4294967294,393
4294967294,896
4294967294,174
4294967294,173
4294967294,189
4294967294,401
4294967294,181
4294967294,392
4294967294,411
4294967294,410
4294967294,128
4294967294,938
4294967294,1146
4294967294,163
4294967294,106
4294967294,454
4294967294,394
4294967279,174
4294967279,260
4294967279,350
4294967279,4
4294967278,251
4294967279,251
4294967278,551
4294967279,250
4294967278,249
4294967278,509
4294967279,249
4294967278,248
4294967279,248
4294967279,247
4294967294,89
4294967279,321
4311,5
4294967278,245
4311,4
4311,3
4311,2
4311,1
4311,0
4294967278,315
4294967279,221
4294967278,310
4294967279,315
4294967278,242
4294967279,244
4294967278,241
4310,5
4294967279,241
4310,4
4310,3
4310,2
4310,1
4310,0
4294967278,527
4294967294,386
4294967294,116
4294967294,110
4294967294,2
4309,5
4309,4
4309,3
4309,2
4309,1
4309,0
4294967279,467
4294967278,494
4308,6
4308,5
4308,4
4308,3
4308,2
4308,1
4308,0
0,7
4294967279,0
4294967278,507
4294967279,215
4294967294,46
4294967294,384
4294967294,472
4294967278,513
4294967279,213
4307,5
4307,4
4307,3
4307,2
4307,1
4307,0
4294967294,1147
4294967294,66
4294967294,11
4294967293,131
4294967293,130
4294967293,129
4294967293,128
4294967293,127
4294967293,126
4294967293,125
4294967293,124
4294967293,123
4294967293,122
4294967293,121
4294967293,120
4294967293,119
4294967293,118
4294967293,117
4294967293,116
4294967293,115
4294967293,114
4294967293,113
4294967293,112
4294967293,111
4294967293,110
4294967293,109
4294967293,108
4294967293,107
4294967293,106
4294967293,105
4294967293,104
4294967293,103
4294967293,102
4294967293,101
4294967293,100
4294967293,99
4294967293,98
4294967293,97
4294967293,96
4294967293,95
4294967293,94
4294967293,93
4294967293,92
4294967293,91
4294967293,90
4294967293,89
4294967293,87
4294967293,86
4294967293,85
4294967293,84
4294967293,83
4294967293,82
4294967293,81
4294967293,80
4294967293,79
4294967293,78
4294967293,77
4294967293,76
4294967293,75
4294967293,74
4294967293,73
4294967293,72
4294967293,71
4294967293,70
4294967293,69
4294967293,68
4294967293,67
4294967293,66
4294967293,65
4294967293,64
4294967293,63
4294967293,62
4294967293,61
4294967293,60
4294967293,59
4294967293,58
4294967293,57
4294967293,56
4294967293,55
4294967293,54
4294967293,53
4294967293,52
4294967293,51
4294967293,50
4294967293,49
4294967293,48
4294967293,47
4294967293,46
4294967293,45
4294967293,44
4294967293,43
4294967293,42
4294967293,41
4294967293,40
4294967293,39
4294967293,38
4294967293,37
4294967293,36
4294967293,35
4294967293,34
4294967293,33
4294967293,32
4294967293,31
4294967293,30
4294967293,29
4294967293,28
4294967293,27
4294967293,26
4294967293,25
4294967293,24
4294967293,23
4294967293,22
4294967293,21
4294967293,20
4294967293,19
4294967293,18
4294967293,17
4294967293,16
4294967293,15
4294967293,14
4294967293,13
4294967293,12
4294967293,11
4294967293,10
4294967293,9
4294967293,8
4294967293,7
4294967293,6
4294967293,5
4294967293,4
4294967293,3
4294967278,132
4294967278,131
4294967278,130
4294967278,129
4294967278,128
4294967278,127
4294967278,126
4294967278,125
4294967278,124
4294967278,123
4294967278,122
4294967278,121
4294967278,120
4294967278,119
4294967278,118
4294967278,117
4294967278,116
4294967278,115
4294967278,114
4294967278,113
4294967278,112
4294967278,111
4294967278,110
4294967278,109
4294967278,108
4294967278,107
4294967278,106
4294967278,105
4294967278,104
4294967278,103
4294967278,102
4294967278,101
4294967278,100
4294967278,99
4294967278,98
4294967278,97
4294967278,96
4294967278,95
4294967278,94
4294967278,93
4294967278,92
4294967278,91
4294967278,90
4294967278,89
4294967278,87
4294967278,86
4294967278,85
4294967278,84
4294967278,83
4294967278,82
4294967278,81
4294967278,80
4294967278,79
4294967278,78
4294967278,77
4294967278,76
4294967278,73
4294967278,71
4294967278,70
4294967278,69
4294967278,68
4294967278,67
4294967278,65
4294967278,64
4294967278,63
4294967278,62
4294967278,61
4294967278,60
4294967278,59
4294967278,58
4294967278,57
4294967278,260
4294967278,56
4294967278,55
4294967278,54
4294967278,53
4294967278,52
4294967278,51
4294967278,50
4294967278,49
4294967278,48
4294967278,47
4294967278,46
4294967278,45
4294967278,44
4294967278,43
4294967278,42
4294967278,41
4294967278,40
4294967278,39
4294967278,38
4294967278,37
4294967278,36
4294967278,35
4294967278,34
4294967278,33
4294967278,32
4294967278,31
4294967278,30
4294967278,29
4294967278,28
4294967278,27
4294967278,26
4294967278,25
4294967278,24
4294967278,23
4294967278,22
4294967278,21
4294967278,20
4294967278,19
4294967278,18
4294967278,17
4294967278,16
4294967278,15
4294967278,14
4294967278,13
4294967278,12
4294967278,11
4294967278,10
4294967278,9
4294967278,8
4294967278,7
4294967278,6
4294967278,5
4294967278,4
4294967279,132
4294967279,131
4294967279,130
4294967279,129
4294967279,128
4294967279,127
4294967279,126
4294967279,125
4294967279,124
4294967279,123
4294967279,122
4294967279,121
4294967279,120
4294967279,119
4294967279,118
4294967279,117
4294967279,116
4294967279,115
4294967279,114
4294967279,113
4294967279,112
4294967279,111
4294967279,110
4294967279,109
4294967279,108
4294967279,107
4294967279,106
4294967279,105
4294967279,104
4294967279,103
4294967279,102
4294967279,101
4294967279,100
4294967279,99
4294967279,98
4294967279,97
4294967279,96
4294967279,95
4294967279,94
4294967279,93
4294967279,92
4294967279,91
4294967279,90
4294967279,89
4294967279,87
4294967279,86
4294967279,85
4294967279,84
4294967279,83
4294967279,82
4294967279,81
4294967279,80
4294967279,79
4294967279,78
4294967279,73
4294967279,71
4294967279,70
4294967279,69
4294967279,68
4294967279,67
4294967279,66
4294967279,65
4294967279,64
4294967279,63
4294967279,62
4294967279,61
4294967279,60
4294967279,59
4294967279,58
4294967279,57
4294967279,56
4294967279,55
4294967279,54
4294967279,53
4294967279,52
4294967279,51
4294967279,50
4294967279,49
4294967279,48
4294967279,47
4294967279,46
4294967279,45
4294967279,44
4294967279,43
4294967279,42
4294967279,41
4294967279,40
4294967279,39
4294967279,38
4294967279,37
4294967279,36
4294967279,35
4294967279,34
4294967279,33
4294967279,32
4294967279,31
4294967279,30
4294967279,29
4294967279,28
4294967279,27
4294967279,26
4294967279,25
4294967279,24
4294967279,23
4294967279,22
4294967279,21
4294967279,20
4294967279,19
4294967279,18
4294967279,17
4294967279,16
4294967279,15
4294967279,14
4294967279,13
4294967279,12
4294967279,11
4294967279,10
4294967279,9
4294967279,8
4294967279,7
4294967279,6
4294967279,5
4294967279,77
4294967294,103
4306,4
4306,3
4306,2
4306,1
4306,0
4294967279,452
4294967294,408
4294967294,17
4294967294,96
4294967294,74
4294967279,76
4294967279,209
4294967294,5
4294967294,828
4294967294,183
4294967294,830
4294967278,66
4294967294,79
4294967294,49
4294967278,75
4294967278,487
4294967279,75
4294967294,22
4294967294,65
4294967278,74
4294967279,74
4294967294,37
4294967294,36
4294967294,1412
4294967294,1151
4294967294,44
4294967294,429
4294967294,43
4294967294,52
4294967294,51
4294967294,939
4294967294,940
4294967294,29
4294967294,910
4294967294,28
4294967294,911
4294967294,27
4294967294,1149
4294967294,26
4294967294,88
4294967294,87
4294967294,86
4294967294,85
4294967294,84
4294967294,83
4294967294,82
4294967294,40
4294967294,39
4294967294,35
4294967294,38
4294967294,438
4294967294,42
4294967294,50
4294967294,25
4294967294,968
4294967294,971
4294967294,80
4294967294,0
4294967278,0
4294967278,72
4294967294,1411
4294967279,72
4294967294,1148
4294967294,81
4294967294,1410
4294967294,7
4294967294,6
4294967294,91
4294967294,90
4294967294,93
4294967294,92
4294967294,41
0,5
4305,6
4294967294,9
4294967294,8
4305,5
4305,4
4305,3
4305,2
4305,1
4305,0
4304,5
4304,4
4304,3
4304,2
4304,1
4304,0
4298,5
4303,6
4303,5
4303,4
4303,3
4303,2
4303,1
4303,0
4302,5
4302,4
4302,3
4302,2
4302,1
4302,0
4294967279,458
4297,5
4301,6
4301,5
4301,4
4301,3
4301,2
4301,1
4301,0
4294967278,573
4294967279,457
4300,5
4300,4
4300,3
4300,2
4300,1
4300,0
4295,5
4299,5
4299,4
4299,3
4299,2
4299,1
4299,0
4294967278,545
4293,5
4298,4
4298,3
4298,2
4298,1
4298,0
4297,4
4297,3
4297,2
4297,1
4297,0
4296,5
4296,4
4296,3
4296,2
4296,1
4296,0
4295,4
4295,3
4295,2
4295,1
4295,0
4294,5
4294,4
4294,3
4294,2
4294,1
4294,0
4293,4
4293,3
4293,2
4293,1
4293,0
4292,5
4292,4
4292,3
4292,2
4292,1
4292,0
4291,4
4291,3
4291,2
4291,1
4291,0
4294967279,454
4294967294,165
4294967278,544
4294967278,543
4294967278,536
4294967278,535
4294967278,88
4290,5
4290,4
4290,3
4290,2
4290,1
4290,0
4294967294,961
4294967279,450
4294967278,534
4289,5
4289,4
4289,3
4289,2
4289,1
4289,0
4294967279,449
4288,5
4288,4
4288,3
4288,2
4288,1
4288,0
4294967278,531
4287,5
4287,4
4287,3
4287,2
4287,1
4287,0
4286,4
4286,3
4286,2
4286,1
4286,0
4294967278,554
4285,5
4285,4
4285,3
4285,2
4285,1
4285,0
4284,5
4284,4
4284,3
4284,2
4284,1
4284,0
4294967279,383
4283,5
4283,4
4283,3
4283,2
4283,1
4283,0
4282,5
4282,4
4282,3
4282,2
4282,1
4282,0
4281,5
4281,4
4281,3
4281,2
4281,1
4281,0
4280,5
4280,4
4280,3
4280,2
4280,1
4280,0
4279,5
4279,4
4279,3
4279,2
4279,1
4279,0
4278,4
4278,3
4278,2
4278,1
4278,0
4277,5
4277,4
4277,3
4277,2
4277,1
4277,0
4276,4
4276,3
4276,2
4276,1
4276,0
4294967294,462
4275,5
4275,4
4275,3
4275,2
4275,1
4275,0
4274,4
4274,3
4274,2
4274,1
4274,0
4294967278,524
4294967278,522
4273,5
4273,4
4273,3
4273,2
4273,1
4273,0
4272,4
4272,3
4272,2
4272,1
4272,0
4271,5
4271,4
4271,3
4271,2
4271,1
4271,0
4270,5
4270,4
4270,3
4270,2
4270,1
4270,0
4294967278,517
4269,5
4269,4
4269,3
4269,2
4269,1
4269,0
4268,5
4268,4
4268,3
4268,2
4268,1
4268,0
4267,5
4267,4
4267,3
4267,2
4267,1
4267,0
4294967278,514
4266,5
4266,4
4266,3
4266,2
4266,1
4266,0
4265,4
